cell_index,cell_label,n_seeds,epoch,override_build.max_houses_per_agent,total_production_mean,total_production_median,total_production_p10,total_production_p90,gini_coefficient_mean,gini_coefficient_median,gini_coefficient_p10,gini_coefficient_p90,welfare_mean,welfare_median,welfare_p10,welfare_p90,total_tax_revenue_mean,total_tax_revenue_median,total_tax_revenue_p10,total_tax_revenue_p90,total_audits_mean,total_audits_median,total_audits_p10,total_audits_p90,total_catches_mean,total_catches_median,total_catches_p10,total_catches_p90,bunching_intensity_mean,bunching_intensity_median,bunching_intensity_p10,bunching_intensity_p90,enforcement_cost_mean,enforcement_cost_median,enforcement_cost_p10,enforcement_cost_p90
0,max_houses_per_agent=1,30,0,1,85.54666666666667,83.95,77.18,94.71,0.23789659845338634,0.2357026098366489,0.1800032900729527,0.28674014101342676,5.991527891249498,5.88039826732819,5.381437053792324,6.689393097721489,8.512266666666667,8.370000000000001,7.49,9.381,9.9,10.0,8.0,11.0,1.4333333333333333,1.0,1.0,2.0,0.05476190476190476,0.03571428571428571,0.0,0.14285714285714285,4.95,5.0,4.0,5.5
0,max_houses_per_agent=1,30,1,1,88.1,87.65,69.33999999999999,109.58,0.4221591607353018,0.41762645459329856,0.3399947126424865,0.5227359568481639,6.081777562489492,6.073334898424061,4.720324769180849,7.645359161014348,8.822222400000001,8.698112,6.380530400000001,11.230512000000001,10.766666666666667,11.0,9.0,12.1,1.4333333333333333,2.0,0.9,2.0,0.05714285714285714,0.07142857142857142,0.0,0.14285714285714285,5.383333333333334,5.5,4.5,6.05
0,max_houses_per_agent=1,30,2,1,88.83333333333334,86.65,75.43,107.02,0.43922640461468304,0.44603596931057743,0.36919603897897185,0.5040017758247599,6.1256248929307535,5.981929983986946,5.122886578046359,7.463614597162203,7.642460380948719,7.736249839230769,6.0369551999999995,9.4407944,11.5,12.0,9.9,13.0,1.5333333333333334,2.0,1.0,2.0,0.14761904761904762,0.14285714285714285,0.0,0.22142857142857142,5.75,6.0,4.95,6.5
0,max_houses_per_agent=1,30,3,1,84.22200000000001,83.80000000000001,68.90400000000001,100.74,0.40987391236012083,0.41416148334838565,0.3243414512540048,0.48457188766597126,5.810920186677082,5.763368090607854,4.676280234808471,7.041293321563485,6.6402286677307085,6.6381897187500005,5.364492800000001,8.23101777075,11.466666666666667,11.0,10.0,13.1,0.6333333333333333,1.0,0.0,1.0,0.30238095238095236,0.3214285714285714,0.14285714285714285,0.42857142857142855,5.733333333333333,5.5,5.0,6.55
0,max_houses_per_agent=1,30,4,1,86.042625,84.69999999999999,70.47,107.53,0.3878206624368186,0.3874042920306265,0.25650412046425336,0.48901993314261616,5.951991454495876,5.849960262864487,4.789061462000121,7.554275057168745,6.651182051110636,6.856061326015626,4.694072,8.921378895906297,12.166666666666666,12.0,11.0,14.0,0.3,0.0,0.0,1.0,0.3738095238095238,0.35714285714285715,0.21428571428571427,0.5714285714285714,6.083333333333333,6.0,5.5,7.0
0,max_houses_per_agent=1,30,5,1,91.20315833333333,91.80000000000001,72.78,108.24,0.3711672347612277,0.38155686823621443,0.24840134408867567,0.47734897935456,6.328927692143196,6.349607315108179,4.975707171616262,7.596601511047002,6.790422129079916,7.0431679416433575,4.444468,9.111686735782502,12.4,13.0,11.0,14.0,1.0666666666666667,1.0,0.0,2.0,0.3476190476190476,0.35714285714285715,0.21428571428571427,0.5,6.2,6.5,5.5,7.0
0,max_houses_per_agent=1,30,6,1,92.22533250000001,90.55,76.22000000000001,111.33,0.3458067442443454,0.3419478890715082,0.27080212486698885,0.4219752165444071,6.414620377877827,6.296361403777766,5.2159466903853335,7.816741794709364,6.857300814587029,7.0841706338780135,3.1886112000000004,9.351696617720195,12.766666666666667,13.0,11.0,14.0,0.6666666666666666,1.0,0.0,2.0,0.4023809523809524,0.39285714285714285,0.2857142857142857,0.5071428571428571,6.383333333333334,6.5,5.5,7.0
0,max_houses_per_agent=1,30,7,1,93.39150377916667,94.1,77.93,107.95880475,0.3320606151976611,0.32470949413364025,0.24658164861008028,0.41635675582695447,6.504791390913074,6.554460615388587,5.359777745247251,7.577807965041043,6.977127113225731,7.937928593484294,3.269342749999999,9.236650324984339,12.666666666666666,13.0,11.0,14.0,0.3333333333333333,0.0,0.0,1.0,0.42142857142857143,0.42857142857142855,0.2857142857142857,0.5714285714285714,6.333333333333333,6.5,5.5,7.0
0,max_houses_per_agent=1,30,8,1,96.48000502033334,97.73637822578124,82.1,110.36040915883594,0.3290482639890863,0.3443969171793012,0.23212471074766114,0.43013632814194624,6.726904798029267,6.821773168167448,5.677293924733684,7.778765145190425,7.155154814115007,7.9049673285487465,3.5444657537499995,9.714574072215434,13.266666666666667,13.5,12.0,14.0,1.0666666666666667,1.0,0.0,2.0,0.39999999999999997,0.42857142857142855,0.2857142857142857,0.5714285714285714,6.633333333333334,6.75,6.0,7.0
0,max_houses_per_agent=1,30,9,1,95.1047903614866,92.4,83.13,111.44,0.3179125250305744,0.31767601642373466,0.21846283783382286,0.38509226417254877,6.634243049019469,6.429031713900136,5.743475760018645,7.860093973215163,7.214273861226721,8.058786507948977,3.67449442675,9.751550609075867,13.333333333333334,13.5,12.9,14.0,0.5666666666666667,0.0,0.0,1.1,0.4357142857142857,0.42857142857142855,0.2857142857142857,0.5714285714285714,6.666666666666667,6.75,6.45,7.0
0,max_houses_per_agent=1,30,10,1,94.58521838883516,95.44066406249999,81.69,111.0518426875,0.31437051683279443,0.314973551041046,0.2230697873973585,0.3863471888361141,6.598901769357543,6.652448117967687,5.64046809268383,7.813879215913942,7.304724119717191,8.06152553183664,3.2066745460497184,9.977670930353913,13.133333333333333,13.0,11.9,14.0,0.36666666666666664,0.0,0.0,1.0,0.4666666666666667,0.5,0.35714285714285715,0.5785714285714285,6.566666666666666,6.5,5.95,7.0
0,max_houses_per_agent=1,30,11,1,96.0065553087332,95.5,80.15,111.63750594414063,0.31520618428360897,0.3166815747395771,0.19198740787571228,0.4014763458802356,6.700008001339138,6.668474195961107,5.524261827059883,7.881017919701606,7.22241157246183,7.996040554565882,2.9842314259762497,10.298124537051333,13.7,14.0,13.0,14.0,1.0666666666666667,1.0,0.0,2.0,0.47857142857142854,0.5,0.35714285714285715,0.5785714285714285,6.85,7.0,6.5,7.0
0,max_houses_per_agent=1,30,12,1,95.52677259867316,94.30000000000001,82.39,111.03,0.31873417139163784,0.3263124512101166,0.19887505908303152,0.41041993792643566,6.663973814209407,6.5749984738171285,5.673483854441398,7.831999261060944,7.142436685177452,8.053371277552456,2.087500224119374,10.701195667843932,13.4,14.0,12.0,14.0,0.5333333333333333,0.0,0.0,1.1,0.4880952380952381,0.5,0.35714285714285715,0.6428571428571429,6.7,7.0,6.0,7.0
0,max_houses_per_agent=1,30,13,1,94.70771633205312,93.65,80.86,110.15,0.3157254172217198,0.3174373677551644,0.19788471463989774,0.3979353493222105,6.606974172250077,6.527835009982355,5.578622278056952,7.772631762855977,6.921560437041233,7.3782299976014,0.8296236533312498,10.914800254859513,13.466666666666667,14.0,12.9,14.0,0.3333333333333333,0.0,0.0,1.0,0.5,0.5,0.35714285714285715,0.6428571428571429,6.733333333333333,7.0,6.45,7.0
0,max_houses_per_agent=1,30,14,1,96.067750031971,95.7,83.04,112.12,0.3114627744656845,0.31077213710288903,0.19278814209046757,0.3913642565816479,6.706250757907944,6.657453740331892,5.747727591036414,7.9192426582517585,6.699623296363607,7.688301047335944,0.35841858642375,11.436636843482686,13.566666666666666,14.0,13.0,14.0,1.1,1.0,0.0,2.0,0.5,0.5,0.35714285714285715,0.6428571428571429,6.783333333333333,7.0,6.5,7.0
0,max_houses_per_agent=1,30,15,1,96.06466790021217,93.75,82.78016301044687,112.12,0.3084177481593458,0.32916430461073326,0.19427054605626037,0.376281916889193,6.707553118792625,6.536028210567381,5.716896027400971,7.918181924713349,6.502336127369099,8.066676296996116,0.21439602516360012,11.035960840861126,13.7,14.0,13.0,14.0,0.5,0.0,0.0,1.0,0.5095238095238095,0.5,0.4214285714285714,0.6428571428571429,6.85,7.0,6.5,7.0
0,max_houses_per_agent=1,30,16,1,94.53442042733826,93.45,85.69,109.22,0.3139805733833086,0.32552762509524,0.22298411296794435,0.38502040297826434,6.595468315261079,6.5096149976606545,5.9358847978141025,7.701081489267364,6.091814627676953,7.676345171754688,0.15741759162133762,11.400064352538685,13.733333333333333,14.0,13.0,14.0,0.36666666666666664,0.0,0.0,1.0,0.5333333333333333,0.5357142857142857,0.42857142857142855,0.6428571428571429,6.866666666666666,7.0,6.5,7.0
0,max_houses_per_agent=1,30,17,1,97.45003731184538,96.30000000000001,83.71,111.27,0.30426846463508356,0.3153962499660368,0.213634863627276,0.40522459376172654,6.808582718528557,6.712744712168348,5.795346022981282,7.840576133118783,5.816413923648639,6.5407849565900085,0.1236798650046128,11.200736948138404,13.733333333333333,14.0,13.0,14.0,1.1,1.0,0.0,2.0,0.5214285714285715,0.5,0.4214285714285714,0.65,6.866666666666666,7.0,6.5,7.0
0,max_houses_per_agent=1,30,18,1,94.7805501070819,93.5,81.42,110.4,0.3163268495813735,0.3336960801069637,0.20436335403726716,0.3960876142012236,6.611875868572306,6.51779988570631,5.615185131012163,7.761309523809524,5.502574168918685,5.576219993111088,0.10267614764828874,12.245446925813674,13.8,14.0,13.0,14.0,0.5,0.0,0.0,1.0,0.5452380952380952,0.5714285714285714,0.42857142857142855,0.6428571428571429,6.9,7.0,6.5,7.0
0,max_houses_per_agent=1,30,19,1,96.6304697358064,96.25,81.5,111.48,0.2971329325503355,0.2959181463310702,0.20874158052318356,0.3877855802296438,6.753609943425289,6.718228151304952,5.6265978951931785,7.867421227345189,5.40503935897133,4.530695838186044,0.02727558869849145,12.741864496985418,13.8,14.0,13.0,14.0,0.3333333333333333,0.0,0.0,1.0,0.5428571428571428,0.5714285714285714,0.4214285714285714,0.65,6.9,7.0,6.5,7.0
0,max_houses_per_agent=1,30,20,1,96.19333333333333,96.95,81.53999999999999,107.68,0.3075607184042946,0.3066937787366201,0.2254562814055145,0.39559812066940375,6.717172021750233,6.766410347799257,5.651660636476812,7.571630174502194,4.969751338408748,3.873551691215855,0.007666997911993908,12.090499026064506,13.8,14.0,13.0,14.0,1.1333333333333333,1.0,0.0,2.0,0.5404761904761904,0.5,0.42857142857142855,0.65,6.9,7.0,6.5,7.0
0,max_houses_per_agent=1,30,21,1,98.35,98.5,84.96,112.42,0.2915280190511375,0.2845733211521441,0.2011174349991671,0.37513050226165795,6.879235990474431,6.8907605705103405,5.880285416294177,7.913408051228936,4.803169584586321,2.8015596021946156,0.002778443533280695,11.379029929328489,13.766666666666667,14.0,13.0,14.0,0.5333333333333333,0.0,0.0,1.0,0.5547619047619048,0.5714285714285714,0.42857142857142855,0.65,6.883333333333334,7.0,6.5,7.0
0,max_houses_per_agent=1,30,22,1,98.03,97.6,84.16,111.8,0.2909985874268523,0.299998709685744,0.20978923306906208,0.37000173907434947,6.856643563429431,6.823720876592155,5.82937342508446,7.865870176335293,4.624981601922214,1.7123502437745606,0.0007713521992910859,12.104590581849731,13.733333333333333,14.0,13.0,14.0,0.3333333333333333,0.0,0.0,1.0,0.5547619047619048,0.5714285714285714,0.42857142857142855,0.65,6.866666666666666,7.0,6.5,7.0
0,max_houses_per_agent=1,30,23,1,98.43333333333334,100.25,85.81,108.82,0.2889791486993253,0.29346473443074517,0.21890740491869373,0.3769677581453944,6.886462806602719,7.030000925378659,5.937854374345782,7.651380163641758,4.199758104273263,0.8222091820897917,0.00020743287491457413,12.346381169529097,13.833333333333334,14.0,13.0,14.0,1.1,1.0,0.0,2.0,0.5452380952380952,0.5714285714285714,0.42857142857142855,0.7142857142857143,6.916666666666667,7.0,6.5,7.0
0,max_houses_per_agent=1,30,24,1,98.08333333333333,98.9,84.02,112.07,0.28787636300314956,0.29609476407316077,0.1932389720499248,0.372527755691021,6.862014199450806,6.912242137493954,5.820192329692196,7.902499243926582,4.040805864319436,0.32717007169628964,6.644958059614195e-05,11.724300987911793,13.733333333333333,14.0,13.0,14.0,0.5,0.0,0.0,1.0,0.5547619047619048,0.5714285714285714,0.5,0.6428571428571429,6.866666666666666,7.0,6.5,7.0
0,max_houses_per_agent=1,30,25,1,98.66333333333333,99.35,85.27,108.99,0.28613921940653453,0.29274283158978803,0.21696356439828024,0.35696434696935697,6.904311342677685,6.929336695925434,5.920235995516043,7.676518217800861,3.889284449691391,0.16835405952321614,1.939997514152325e-05,12.251672243926784,13.8,14.0,13.0,14.0,0.36666666666666664,0.0,0.0,1.0,0.5619047619047619,0.5714285714285714,0.42857142857142855,0.65,6.9,7.0,6.5,7.0
0,max_houses_per_agent=1,30,26,1,97.86333333333333,98.0,86.07,108.1,0.29461924197230693,0.3139005289697417,0.2110859328133491,0.37130941863275907,6.842928474251941,6.837851692383856,5.9858923364672485,7.602237417126466,3.650790534100759,0.09372098245542247,5.575212512686553e-06,12.48018366743826,13.866666666666667,14.0,13.0,14.0,1.1333333333333333,1.0,0.0,2.0,0.55,0.5714285714285714,0.42857142857142855,0.7142857142857143,6.933333333333334,7.0,6.5,7.0
0,max_houses_per_agent=1,30,27,1,98.06666666666666,97.65,85.79,109.71,0.2909645621621172,0.2900470295870623,0.2080789848404954,0.35767768253182486,6.859279623680846,6.830041653283123,5.9575191378050185,7.732755939542257,3.5639580919415312,0.06526282256868876,1.7186360929022853e-06,12.383154130567483,13.766666666666667,14.0,13.0,14.0,0.5,0.0,0.0,1.0,0.5642857142857143,0.5714285714285714,0.42857142857142855,0.7214285714285715,6.883333333333334,7.0,6.5,7.0
0,max_houses_per_agent=1,30,28,1,98.87666666666667,99.30000000000001,85.74,116.93,0.2841162572183687,0.291218352002455,0.1772815587457084,0.3605245927061884,6.920560919009863,6.9475840063422005,5.943906058730001,8.274042927587745,3.5124589542797575,0.02998650587664517,6.789116742036749e-07,12.706527776844618,13.7,14.0,13.0,14.0,0.36666666666666664,0.0,0.0,1.0,0.5595238095238095,0.5714285714285714,0.42857142857142855,0.65,6.85,7.0,6.5,7.0
0,max_houses_per_agent=1,30,29,1,99.4,97.30000000000001,87.45,114.02,0.28313632645544495,0.29814510322296367,0.19316387603233254,0.35305442827674194,6.958431836772277,6.776632139684512,6.068935993383333,8.041412759083565,3.40097982251675,0.008649999178085944,1.5875788574101555e-07,11.938870802019666,13.766666666666667,14.0,13.0,14.0,1.1,1.0,0.0,2.0,0.5547619047619048,0.5714285714285714,0.42857142857142855,0.7142857142857143,6.883333333333334,7.0,6.5,7.0
1,max_houses_per_agent=2,30,0,2,85.54666666666667,83.95,77.18,94.71,0.23789659845338634,0.2357026098366489,0.1800032900729527,0.28674014101342676,5.991527891249498,5.88039826732819,5.381437053792324,6.689393097721489,8.512266666666667,8.370000000000001,7.49,9.381,9.9,10.0,8.0,11.0,1.4333333333333333,1.0,1.0,2.0,0.05476190476190476,0.03571428571428571,0.0,0.14285714285714285,4.95,5.0,4.0,5.5
1,max_houses_per_agent=2,30,1,2,88.41666666666667,87.65,69.33999999999999,109.58,0.4234661055008922,0.41762645459329856,0.3477970513036423,0.5227359568481639,6.103743137725744,6.073334898424061,4.720324769180849,7.645359161014348,8.883009066666666,8.698112,6.380530400000001,11.374580000000002,10.766666666666667,11.0,9.0,12.1,1.4333333333333333,2.0,0.9,2.0,0.05714285714285714,0.07142857142857142,0.0,0.14285714285714285,5.383333333333334,5.5,4.5,6.05
1,max_houses_per_agent=2,30,2,2,108.04333333333334,100.05000000000001,82.15,136.32,0.49006820135668394,0.49836028575159014,0.41269488983502933,0.5706302998734192,7.472346851702611,6.890464426877471,5.615119705640532,9.507283741018366,11.10370670325641,10.653755732499999,7.762228000000001,15.379237600000002,11.533333333333333,12.0,10.0,13.0,1.5333333333333334,2.0,1.0,2.0,0.08809523809523809,0.07142857142857142,0.0,0.14285714285714285,5.766666666666667,6.0,5.0,6.5
1,max_houses_per_agent=2,30,3,2,114.92533333333333,112.8,86.52,140.61,0.49356322835298694,0.4967045350627181,0.4247478768249619,0.5489360812023512,7.962170766775888,7.805368126822799,5.971122346190734,9.823606201679894,11.895199750602549,11.411918007314815,8.393075922125002,15.397954403875001,11.4,11.0,9.9,13.1,0.6,1.0,0.0,1.0,0.15238095238095237,0.14285714285714285,0.07142857142857142,0.22142857142857142,5.7,5.5,4.95,6.55
1,max_houses_per_agent=2,30,4,2,121.34333333333333,122.5,91.89,155.46,0.48333410883785355,0.49678496803681305,0.3704992374702447,0.5672960978533473,8.425713897962027,8.48613221985779,6.279923379644755,10.893027640584625,12.759916424247256,11.805623764707224,7.964953159499999,16.735944404697513,12.2,12.0,11.0,14.0,0.3,0.0,0.0,1.0,0.16904761904761903,0.14285714285714285,0.07142857142857142,0.2857142857142857,6.1,6.0,5.5,7.0
1,max_houses_per_agent=2,30,5,2,136.77333333333334,133.45,111.91,166.41,0.47286484826356573,0.48537219993883646,0.36636653471428465,0.5563902836714391,9.533091385392026,9.305453809865032,7.704856874799507,11.690239167023273,14.740517663855567,14.288481750945916,11.133656020000004,19.222519603804525,12.333333333333334,13.0,10.9,14.0,0.9666666666666667,1.0,0.0,2.0,0.1119047619047619,0.14285714285714285,0.0,0.15,6.166666666666667,6.5,5.45,7.0
1,max_houses_per_agent=2,30,6,2,139.74,137.5,110.41,177.02,0.4579537981730294,0.4549697948683465,0.3852638673608207,0.5598724046860213,9.752451672342056,9.587974280298084,7.621154400558652,12.476792760700572,15.794136656691032,15.08431904827368,11.698321421877502,19.515831278759475,12.566666666666666,13.0,10.9,14.0,0.6666666666666666,1.0,0.0,1.1,0.1238095238095238,0.14285714285714285,0.0,0.21428571428571427,6.283333333333333,6.5,5.45,7.0
1,max_houses_per_agent=2,30,7,2,145.09,143.05,107.37,179.78,0.44675462677337935,0.45001511690153145,0.3576236549795334,0.5243135127805274,10.14019411518474,9.988706925499379,7.404018836582463,12.633404358362352,17.414120533426185,16.89158755629239,12.315347489062502,21.78181686388763,12.6,13.0,11.0,14.0,0.36666666666666664,0.0,0.0,1.0,0.11666666666666665,0.14285714285714285,0.0,0.21428571428571427,6.3,6.5,5.5,7.0
1,max_houses_per_agent=2,30,8,2,150.05,151.05,122.51,180.35,0.438234002969352,0.44698343528392787,0.3479303155528873,0.5170764834547483,10.498740141372467,10.579958197328347,8.512092876966443,12.698467558937264,17.91205485471049,17.895831591823423,14.696398125558227,22.660236496110155,12.866666666666667,13.0,11.0,14.0,0.9333333333333333,1.0,0.0,2.0,0.08095238095238094,0.07142857142857142,0.0,0.14285714285714285,6.433333333333334,6.5,5.5,7.0
1,max_houses_per_agent=2,30,9,2,155.10333333333332,156.95,118.48,194.47,0.4323659089673644,0.450355382143787,0.3278278798585788,0.4916586634765857,10.862626569325842,10.973043805170395,8.225768885094144,13.716266301482356,19.81194723729763,19.88287450588912,12.513610021358897,26.613864951295373,13.133333333333333,13.0,12.0,14.0,0.6666666666666666,0.5,0.0,2.0,0.08571428571428572,0.07142857142857142,0.0,0.14285714285714285,6.566666666666666,6.5,6.0,7.0
1,max_houses_per_agent=2,30,10,2,152.61666666666667,150.75,125.9,185.93,0.43285434975206943,0.4366215082710434,0.345108974595487,0.5148722205590179,10.684763301314442,10.55684489104436,8.727692497451676,13.109508782814789,20.050666330737716,19.244506203535764,15.528440839446187,25.130457921166222,13.166666666666666,13.0,12.0,14.0,0.3,0.0,0.0,1.0,0.08809523809523809,0.07142857142857142,0.0,0.21428571428571427,6.583333333333333,6.5,6.0,7.0
1,max_houses_per_agent=2,30,11,2,158.42,160.75,124.19,187.54,0.4275107230245586,0.43580200442421985,0.32224542232103526,0.5148674450512121,11.101958924202007,11.268976941800311,8.613386023774753,13.228515345963833,21.083560794720697,21.50960683003636,13.584653163023438,27.656564707314065,13.633333333333333,14.0,13.0,14.0,0.9666666666666667,1.0,0.0,2.0,0.08095238095238094,0.07142857142857142,0.0,0.15,6.816666666666666,7.0,6.5,7.0
1,max_houses_per_agent=2,30,12,2,157.39666666666668,153.89999999999998,133.15,185.62,0.43155724033351267,0.4344510466045021,0.32308892932753785,0.5211599141158125,11.026840427452292,10.779541838926718,9.289405539369419,13.065415598920232,21.759052261011686,20.69229079971401,17.297521409015957,28.16537008285322,13.4,14.0,12.9,14.0,0.6666666666666666,0.5,0.0,2.0,0.08571428571428572,0.07142857142857142,0.0,0.14285714285714285,6.7,7.0,6.45,7.0
1,max_houses_per_agent=2,30,13,2,158.05333333333334,159.5,131.60999999999999,194.28,0.4258085110053558,0.43641052024438526,0.33614225295381317,0.5023376300013407,11.076619554021132,11.177402227055321,9.144871520822075,13.718403595974474,22.953340872499762,22.676932329460012,16.520558924663856,31.38581720802695,13.566666666666666,14.0,12.0,14.0,0.3,0.0,0.0,1.0,0.08095238095238094,0.07142857142857142,0.0,0.14285714285714285,6.783333333333333,7.0,6.0,7.0
1,max_houses_per_agent=2,30,14,2,157.98333333333332,158.05,132.93,185.01,0.4278255178473455,0.44078898205361133,0.33405122771456197,0.50104093961829,11.070611050600137,11.051970433785215,9.251333956243386,13.027134588502285,22.631738991826122,21.814890820501994,17.029122758912862,29.617275139922636,13.466666666666667,14.0,12.9,14.0,1.0333333333333334,1.0,0.0,2.0,0.07380952380952381,0.07142857142857142,0.0,0.14285714285714285,6.733333333333333,7.0,6.45,7.0
1,max_houses_per_agent=2,30,15,2,161.2,160.55,134.17,198.66,0.42650338198221016,0.4537241990529372,0.33252307192292263,0.5001086278389358,11.301034023294608,11.250056599739082,9.341922854497199,14.008142019271052,24.370903186908585,24.732755345736926,18.33603241438685,29.32135713136896,13.666666666666666,14.0,13.0,14.0,0.5666666666666667,0.0,0.0,1.1,0.07380952380952381,0.07142857142857142,0.0,0.14285714285714285,6.833333333333333,7.0,6.5,7.0
1,max_houses_per_agent=2,30,16,2,156.05666666666667,153.55,130.79,188.1,0.4247234955185566,0.4313159091809493,0.33407012275918324,0.5227655358978869,10.934543014145483,10.740255066552272,9.084946405511484,13.267710339681825,24.139046537548815,23.821618825490738,18.73094024735778,31.13196722502716,13.533333333333333,14.0,13.0,14.0,0.3,0.0,0.0,1.0,0.07380952380952381,0.07142857142857142,0.0,0.21428571428571427,6.766666666666667,7.0,6.5,7.0
1,max_houses_per_agent=2,30,17,2,164.66666666666666,165.15,132.78,197.05,0.4181335775626852,0.43505770377102204,0.31931349131442255,0.504673866795541,11.55283797312342,11.574846717106247,9.263387588739224,13.937642837233465,25.618470690565964,26.250729465454167,18.377316673509913,31.17217262361018,13.8,14.0,13.0,14.0,1.0333333333333334,1.0,0.0,2.0,0.06904761904761904,0.07142857142857142,0.0,0.14285714285714285,6.9,7.0,6.5,7.0
1,max_houses_per_agent=2,30,18,2,157.98333333333332,159.35,130.83,192.31,0.41920763596931476,0.4423419821226832,0.31592086155483373,0.5008500956510311,11.074919991539153,11.165592865216551,9.082882653061226,13.599606607699284,25.20224709877921,24.72879410736088,18.672225276523353,31.049980002214784,13.733333333333333,14.0,13.0,14.0,0.6,0.0,0.0,2.0,0.07380952380952381,0.07142857142857142,0.0,0.14285714285714285,6.866666666666666,7.0,6.5,7.0
1,max_houses_per_agent=2,30,19,2,165.25333333333333,166.3,136.83,197.46,0.41222513832868807,0.43125233467978596,0.31695232772996856,0.490283964824047,11.59769695464518,11.66450964530566,9.535144890157078,13.945684117331023,27.90136690064283,27.569808046217037,20.388729817266213,34.65278782675909,13.8,14.0,13.0,14.0,0.3,0.0,0.0,1.0,0.07619047619047618,0.07142857142857142,0.0,0.14285714285714285,6.9,7.0,6.5,7.0
1,max_houses_per_agent=2,30,20,2,161.24666666666667,159.65,129.67000000000002,194.57,0.4133921958091419,0.43851270303595624,0.3250255922293324,0.48944626581422873,11.310922949714477,11.182356162478914,9.037727899282409,13.73152748031342,26.505430399911777,25.392838596065644,18.777716049915465,35.15521794916548,13.933333333333334,14.0,14.0,14.0,1.0666666666666667,1.0,0.0,2.0,0.05952380952380952,0.07142857142857142,0.0,0.14285714285714285,6.966666666666667,7.0,7.0,7.0
1,max_houses_per_agent=2,30,21,2,168.84333333333333,167.15,136.11999999999998,201.58,0.40514506864775635,0.41169852498494885,0.3073843364976991,0.47525391526049754,11.857665560914217,11.720595266643727,9.480536024744406,14.249597605109022,29.24447605475289,29.1460694812194,20.933576380328965,35.778328757717524,13.9,14.0,13.9,14.0,0.6333333333333333,0.5,0.0,2.0,0.07142857142857142,0.07142857142857142,0.0,0.14285714285714285,6.95,7.0,6.95,7.0
1,max_houses_per_agent=2,30,22,2,165.21,162.60000000000002,133.14,204.71,0.3977093417694955,0.4102211292190737,0.30580653048623885,0.4684602830528191,11.601859614829538,11.418461306685758,9.258779910503463,14.466276073584929,29.19747119781231,29.778064824845558,21.127200109155087,37.44138823619508,13.866666666666667,14.0,13.9,14.0,0.26666666666666666,0.0,0.0,1.0,0.06904761904761904,0.07142857142857142,0.0,0.14285714285714285,6.933333333333334,7.0,6.95,7.0
1,max_houses_per_agent=2,30,23,2,168.66,166.60000000000002,144.96,197.25,0.40460282867012004,0.41745084822472966,0.31024579624136467,0.46711030767141315,11.844841442807798,11.681640784966598,10.156241940196862,13.928277937410604,29.479535139400706,28.58369497006359,22.064416587292634,35.14926419878167,13.9,14.0,14.0,14.0,1.0333333333333334,1.0,0.0,2.0,0.0619047619047619,0.07142857142857142,0.0,0.14285714285714285,6.95,7.0,7.0,7.0
1,max_houses_per_agent=2,30,24,2,165.48333333333335,162.45,133.73000000000002,202.97,0.40062993314789797,0.4075621151644543,0.30153953845207887,0.48596048802127373,11.619923128664146,11.399646198645211,9.299245313667916,14.34834920613311,29.463429980963827,30.468606909067077,21.261853559591476,36.67545118800712,13.833333333333334,14.0,13.0,14.0,0.6333333333333333,0.5,0.0,2.0,0.06428571428571428,0.07142857142857142,0.0,0.14285714285714285,6.916666666666667,7.0,6.5,7.0
1,max_houses_per_agent=2,30,25,2,167.75,167.6,140.15,195.47,0.4000628698537623,0.41178183022031045,0.32407471693581746,0.4768128496504814,11.782111422215976,11.756816148631799,9.80068999449196,13.795505457701058,30.902157343026296,31.354023887813053,23.54340861437138,38.09777625351509,13.866666666666667,14.0,13.0,14.0,0.26666666666666666,0.0,0.0,1.0,0.06666666666666667,0.07142857142857142,0.0,0.14285714285714285,6.933333333333334,7.0,6.5,7.0
1,max_houses_per_agent=2,30,26,2,168.2,167.05,144.03,201.1,0.40028377791038144,0.4131089717221451,0.3015631531170175,0.48749995080884695,11.814143825330524,11.722187380326915,10.058530461415256,14.213504137727206,30.25073499456431,29.68129274872177,23.430299878537934,37.55827206774348,13.866666666666667,14.0,13.9,14.0,1.0666666666666667,1.0,0.0,2.0,0.05476190476190476,0.07142857142857142,0.0,0.14285714285714285,6.933333333333334,7.0,6.95,7.0
1,max_houses_per_agent=2,30,27,2,167.25666666666666,167.4,140.42,195.65,0.39556506587618284,0.41370859719177516,0.29076456507880954,0.4631417436610212,11.749122228966671,11.738247158133266,9.819940641761667,13.791606876320191,30.846700343695233,31.230950476218638,23.688052835075197,38.067603137919555,13.866666666666667,14.0,13.9,14.0,0.6,0.0,0.0,2.0,0.06904761904761904,0.07142857142857142,0.0,0.14285714285714285,6.933333333333334,7.0,6.95,7.0
1,max_houses_per_agent=2,30,28,2,167.41666666666666,163.14999999999998,138.33,201.59,0.39960202603135336,0.4055200692161643,0.30020391391618434,0.4877540098921366,11.758532320317657,11.435119598630429,9.636837280768217,14.249910230022433,32.10849345778802,31.641370107434767,24.428289961448435,39.68280128373214,13.866666666666667,14.0,13.0,14.0,0.3,0.0,0.0,1.0,0.06904761904761904,0.07142857142857142,0.0,0.14285714285714285,6.933333333333334,7.0,6.5,7.0
1,max_houses_per_agent=2,30,29,2,168.33333333333334,165.10000000000002,142.7,199.5,0.39367467114719845,0.4064215450470234,0.3126350869383965,0.4727948445561589,11.826972188235924,11.579907521195725,9.976080170980643,14.095595533894798,31.53402575334811,31.675187283146414,24.96656051042381,38.7143904306107,13.933333333333334,14.0,14.0,14.0,1.0666666666666667,1.0,0.0,2.0,0.05476190476190476,0.07142857142857142,0.0,0.14285714285714285,6.966666666666667,7.0,7.0,7.0
2,max_houses_per_agent=3,30,0,3,85.54666666666667,83.95,77.18,94.71,0.23789659845338634,0.2357026098366489,0.1800032900729527,0.28674014101342676,5.991527891249498,5.88039826732819,5.381437053792324,6.689393097721489,8.512266666666667,8.370000000000001,7.49,9.381,9.9,10.0,8.0,11.0,1.4333333333333333,1.0,1.0,2.0,0.05476190476190476,0.03571428571428571,0.0,0.14285714285714285,4.95,5.0,4.0,5.5
2,max_houses_per_agent=3,30,1,3,88.41666666666667,87.65,69.33999999999999,109.58,0.4234661055008922,0.41762645459329856,0.3477970513036423,0.5227359568481639,6.103743137725744,6.073334898424061,4.720324769180849,7.645359161014348,8.883009066666666,8.698112,6.380530400000001,11.374580000000002,10.766666666666667,11.0,9.0,12.1,1.4333333333333333,2.0,0.9,2.0,0.05714285714285714,0.07142857142857142,0.0,0.14285714285714285,5.383333333333334,5.5,4.5,6.05
2,max_houses_per_agent=3,30,2,3,110.49333333333334,105.30000000000001,82.15,147.68,0.4974860002432087,0.49836028575159014,0.42693674103793106,0.5706302998734192,7.643637952259348,7.255953446732319,5.615119705640532,10.33211283099574,11.796479694923077,11.1642117325,7.762228000000001,16.7428364675,11.533333333333333,12.0,10.0,13.0,1.5333333333333334,2.0,1.0,2.0,0.08571428571428572,0.07142857142857142,0.0,0.14285714285714285,5.766666666666667,6.0,5.0,6.5
2,max_houses_per_agent=3,30,3,3,124.03533333333333,114.7,86.52,174.49000000000004,0.5132672944586485,0.5156403788202728,0.45054863400777134,0.5798662184627096,8.603033019437342,7.925079376661915,5.971122346190734,12.220355434106414,14.4601971960521,12.5874149625,8.393075922125002,23.420404000000005,11.366666666666667,11.0,9.9,13.1,0.6,1.0,0.0,1.0,0.15238095238095237,0.14285714285714285,0.07142857142857142,0.2857142857142857,5.683333333333334,5.5,4.95,6.55
2,max_houses_per_agent=3,30,4,3,132.78,134.0,91.89,178.49,0.509216246497191,0.513279289141358,0.430111681882577,0.5875783050355721,9.229677591037118,9.31131312969567,6.279923379644755,12.514982386171914,15.822793099713632,14.5461105895,8.17037807988189,23.307620118325005,12.066666666666666,12.0,10.9,14.0,0.3,0.0,0.0,1.0,0.1738095238095238,0.17857142857142855,0.07142857142857142,0.2857142857142857,6.033333333333333,6.0,5.45,7.0
2,max_houses_per_agent=3,30,5,3,158.14000000000001,153.45,121.49,213.1,0.5106097984571539,0.5202110806703177,0.4344552216754512,0.5896642318542566,11.04040938648571,10.72933791027932,8.422193078908528,15.003130132080035,20.08560688509166,19.840170705,14.04173800781398,28.06124283416999,12.333333333333334,13.0,10.9,14.0,0.9666666666666667,1.0,0.0,2.0,0.11666666666666665,0.14285714285714285,0.0,0.21428571428571427,6.166666666666667,6.5,5.45,7.0
2,max_houses_per_agent=3,30,6,3,170.26,167.05,123.23,221.38,0.5021091683850143,0.5005382676939367,0.42669247524371134,0.5687493858876234,11.910373987236063,11.64649907257963,8.512957708548253,15.599510905235286,23.40440784236615,22.433890412615625,15.76914958844375,29.191463465334547,12.633333333333333,13.0,11.0,14.0,0.7,1.0,0.0,1.1,0.12142857142857143,0.10714285714285714,0.0,0.21428571428571427,6.316666666666666,6.5,5.5,7.0
2,max_houses_per_agent=3,30,7,3,174.68,170.8,123.64,218.9,0.4901472650550827,0.49368843165681564,0.41736054195712635,0.5501815457124554,12.232069224615316,11.947971600993792,8.596213106970495,15.427172289127393,24.85112691901742,24.737363358998216,16.65614701365848,33.00886451354704,12.6,13.0,11.0,14.0,0.3,0.0,0.0,1.0,0.11904761904761904,0.14285714285714285,0.0,0.21428571428571427,6.3,6.5,5.5,7.0
2,max_houses_per_agent=3,30,8,3,188.26666666666665,183.39999999999998,142.27,232.75,0.4763191125385898,0.4792726765598018,0.4126968559018288,0.535365761389643,13.209459491349753,12.848095369488124,9.932024272521533,16.418295513173934,27.030913909111447,27.57730953339283,19.007714085124125,34.41952431234658,12.866666666666667,13.0,11.0,14.0,0.8666666666666667,1.0,0.0,2.0,0.08095238095238094,0.07142857142857142,0.0,0.14285714285714285,6.433333333333334,6.5,5.5,7.0
2,max_houses_per_agent=3,30,9,3,193.46,185.10000000000002,141.86,249.12,0.4636040900281051,0.4787348849641285,0.3610470279991517,0.5292098960936853,13.586769383557376,12.970566737885136,9.836617741321897,17.6015028968768,29.39118986832568,29.692146021332036,20.48243958065292,38.03760762426309,13.3,13.5,12.0,14.0,0.7333333333333333,1.0,0.0,2.0,0.08095238095238094,0.07142857142857142,0.0,0.14285714285714285,6.65,6.75,6.0,7.0
2,max_houses_per_agent=3,30,10,3,199.53666666666666,193.45,145.81000000000003,249.56,0.4630125201773701,0.4793046343615373,0.37252910769253217,0.5387883261689134,14.021112787530363,13.571233877879985,10.134373235862414,17.63944973186802,32.1647234690308,33.031671673447136,23.118932982127955,41.78482583841371,13.033333333333333,13.0,12.0,14.0,0.26666666666666666,0.0,0.0,1.0,0.09285714285714285,0.07142857142857142,0.0,0.15,6.516666666666667,6.5,6.0,7.0
2,max_houses_per_agent=3,30,11,3,204.80333333333334,202.4,160.50000000000003,256.31,0.45789320821289853,0.46181391621074486,0.354856431974382,0.552181331536054,14.399862919703075,14.218334620183814,11.182904907397388,18.112494177346377,33.026953360627964,34.347937995081196,22.597315219141386,45.59422197940632,13.533333333333333,14.0,12.9,14.0,0.9333333333333333,1.0,0.0,2.0,0.08571428571428572,0.07142857142857142,0.0,0.15,6.766666666666667,7.0,6.45,7.0
2,max_houses_per_agent=3,30,12,3,208.26,206.89999999999998,159.83,255.79,0.4538499171660722,0.4596245457773333,0.3773881203526831,0.5497346627757143,14.648789327131249,14.560642734179826,11.142096375937665,18.082020225537946,35.34981388339159,35.571237525407184,26.291319556864572,46.12205066519488,13.433333333333334,14.0,13.0,14.0,0.7333333333333333,0.5,0.0,2.0,0.09285714285714285,0.07142857142857142,0.0,0.15,6.716666666666667,7.0,6.5,7.0
2,max_houses_per_agent=3,30,13,3,205.08333333333334,204.3,156.11999999999998,256.76,0.45196728946966147,0.47323860719643607,0.36427400208505867,0.5268294890576807,14.422825879074693,14.362203191147898,10.893589857855453,18.1476427250182,36.6424243115958,35.865078641816936,26.231685050562245,48.6737469294292,13.466666666666667,14.0,12.0,14.0,0.23333333333333334,0.0,0.0,1.0,0.08571428571428572,0.07142857142857142,0.0,0.14285714285714285,6.733333333333333,7.0,6.0,7.0
2,max_houses_per_agent=3,30,14,3,212.92666666666668,208.5,167.77,256.83,0.45135310325947126,0.4618190787765488,0.36620841943195165,0.5386431154380403,14.983371067417883,14.667921322396813,11.724213009229018,18.161895790284024,38.27788953886057,37.56585338839891,25.29531474861268,50.70634389100891,13.6,14.0,13.0,14.0,1.0,1.0,0.0,2.0,0.07619047619047618,0.07142857142857142,0.0,0.14285714285714285,6.8,7.0,6.5,7.0
2,max_houses_per_agent=3,30,15,3,214.41,203.95,173.62,268.16,0.4499503121783573,0.47154381866115136,0.34904843938132435,0.5376441957616023,15.090024843910822,14.331461847335682,12.143869415182762,18.978318331718512,40.55307187765498,39.957824677510416,30.90662792544357,52.12203989648316,13.7,14.0,13.0,14.0,0.7333333333333333,0.5,0.0,2.0,0.07619047619047618,0.07142857142857142,0.0,0.14285714285714285,6.85,7.0,6.5,7.0
2,max_houses_per_agent=3,30,16,3,217.28333333333333,210.45,167.31,263.24,0.4487340906678075,0.4666344649992449,0.35377547521029357,0.5362573416463359,15.295871049904191,14.787514723938967,11.697509357951963,18.63031592623353,43.466188640673124,41.268708718894246,32.32644482837239,58.501431834894746,13.6,14.0,13.0,14.0,0.2,0.0,0.0,1.0,0.07619047619047618,0.07142857142857142,0.0,0.15,6.8,7.0,6.5,7.0
2,max_houses_per_agent=3,30,17,3,219.91,217.0,176.38,270.12999999999994,0.4415356638871124,0.454871682399493,0.3328996985676093,0.528241318638036,15.487089310913587,15.252474768729535,12.342864078338364,19.11569300785905,43.46695255454709,43.93884910090127,29.63132753152411,57.32698604144986,13.666666666666666,14.0,13.0,14.0,1.0,1.0,0.0,2.0,0.06904761904761904,0.07142857142857142,0.0,0.14285714285714285,6.833333333333333,7.0,6.5,7.0
2,max_houses_per_agent=3,30,18,3,220.57666666666665,209.5,178.03,280.27,0.4368122310755922,0.4544987265844277,0.3273032017946364,0.5229434710702064,15.537070074938395,14.728742322717828,12.45098950280455,19.85469604811088,45.10255203207755,43.62080029616004,33.26689649820334,57.863144341697264,13.633333333333333,14.0,12.9,14.0,0.6666666666666666,0.0,0.0,2.0,0.08095238095238094,0.07142857142857142,0.0,0.14285714285714285,6.816666666666666,7.0,6.45,7.0
2,max_houses_per_agent=3,30,19,3,224.12666666666667,215.35000000000002,174.03,281.75,0.4346910177156736,0.4466438990327324,0.3381788742988053,0.5079735956961834,15.791702110189782,15.158820907626492,12.155422932561207,19.94106183100973,48.7974611366184,46.32651547505497,36.075035394921095,63.63251390382011,13.766666666666667,14.0,13.0,14.0,0.23333333333333334,0.0,0.0,1.0,0.07857142857142857,0.07142857142857142,0.0,0.14285714285714285,6.883333333333334,7.0,6.5,7.0
2,max_houses_per_agent=3,30,20,3,227.81,222.89999999999998,188.99,283.45,0.43398178588036257,0.4463869262429195,0.35230494745642993,0.5122691192448494,16.055151964202675,15.677394667544437,13.25439076183508,20.08236798110481,49.21941470065475,48.802519957656756,34.22794422630873,64.33519763296646,13.8,14.0,13.0,14.0,1.0333333333333334,1.0,0.0,2.0,0.05476190476190476,0.07142857142857142,0.0,0.14285714285714285,6.9,7.0,6.5,7.0
2,max_houses_per_agent=3,30,21,3,229.33666666666667,226.6,177.69,285.08,0.4244743673958429,0.4450196865084804,0.3293727361166942,0.4914234112937897,16.168953292492553,15.970851031857341,12.45208246603787,20.208726850120666,51.164795080285245,51.70572320904985,37.30275269870043,67.23293225549563,13.8,14.0,13.0,14.0,0.7,0.5,0.0,2.0,0.07380952380952381,0.07142857142857142,0.0,0.14285714285714285,6.9,7.0,6.5,7.0
2,max_houses_per_agent=3,30,22,3,229.18,218.85,191.56,285.68,0.4203419438201286,0.44419521072211215,0.32568720652205224,0.5028288650823862,16.159829028089934,15.407335855339491,13.43611354008809,20.212049893668073,53.45494859679066,54.66572761343619,38.4849322488501,70.69249875558376,13.766666666666667,14.0,12.9,14.0,0.13333333333333333,0.0,0.0,1.0,0.06904761904761904,0.07142857142857142,0.0,0.14285714285714285,6.883333333333334,7.0,6.45,7.0
2,max_houses_per_agent=3,30,23,3,234.54,227.25,190.13,287.22999999999996,0.42261787270892476,0.43223571518109105,0.316907020729108,0.49699364011392405,16.541548206502682,16.01637171937255,13.332217465657324,20.316269860884944,53.668846597215556,52.57388500167585,40.028476348039035,75.02760969313545,13.933333333333334,14.0,14.0,14.0,1.1333333333333333,1.0,0.0,2.0,0.0619047619047619,0.07142857142857142,0.0,0.14285714285714285,6.966666666666667,7.0,7.0,7.0
2,max_houses_per_agent=3,30,24,3,230.87333333333333,232.55,189.08,284.17999999999995,0.41805945146960766,0.43300708872989124,0.30389953182127494,0.49887097907009414,16.281922655217578,16.401337212036104,13.277430634107393,20.14662166266079,54.16265395756207,58.02331009995319,39.5246960859181,67.71413441997043,13.8,14.0,13.0,14.0,0.7,0.5,0.0,2.0,0.06904761904761904,0.07142857142857142,0.0,0.14285714285714285,6.9,7.0,6.5,7.0
2,max_houses_per_agent=3,30,25,3,232.55333333333334,227.25,194.26,279.46,0.4145824995206934,0.4356708477573469,0.3181137189395072,0.503914817675689,16.403661131192035,16.019480000723767,13.63041823648938,19.802371711958816,57.6491828434732,60.29535983219602,42.93001432631261,72.36595070008096,13.833333333333334,14.0,13.0,14.0,0.13333333333333333,0.0,0.0,1.0,0.06666666666666667,0.07142857142857142,0.0,0.14285714285714285,6.916666666666667,7.0,6.5,7.0
2,max_houses_per_agent=3,30,26,3,233.36,229.75,188.03,291.56,0.41347753505022167,0.42209151058395705,0.32780905443705427,0.4904532318419688,16.46183266104632,16.199870193225014,13.217418915436788,20.62963061602146,55.80642826855143,54.5386819732732,38.945999187782625,73.9267595730543,13.866666666666667,14.0,13.9,14.0,1.1,1.0,0.0,2.0,0.05952380952380952,0.07142857142857142,0.0,0.14285714285714285,6.933333333333334,7.0,6.95,7.0
2,max_houses_per_agent=3,30,27,3,235.22,227.7,191.95,282.07,0.4161674488721184,0.42300676323268355,0.31800571804342814,0.5065221349903656,16.59334484699251,16.05401346578916,13.466824978651957,19.98755692283876,59.00265921151482,62.6646991982077,41.53496861497252,72.6143898676449,13.833333333333334,14.0,13.0,14.0,0.6666666666666666,0.0,0.0,2.0,0.0619047619047619,0.07142857142857142,0.0,0.14285714285714285,6.916666666666667,7.0,6.5,7.0
2,max_houses_per_agent=3,30,28,3,235.34333333333333,236.89999999999998,187.38,297.68999999999994,0.41675778813281134,0.433431864813819,0.32748085125492676,0.5080821426935185,16.60185920117169,16.718379835211678,13.127246644973717,21.07808690583852,62.170638457273014,64.42322093710297,39.80346523780545,82.11370378251075,13.933333333333334,14.0,14.0,14.0,0.2,0.0,0.0,1.0,0.06904761904761904,0.07142857142857142,0.0,0.14285714285714285,6.966666666666667,7.0,7.0,7.0
2,max_houses_per_agent=3,30,29,3,236.97,226.25,196.33,284.9,0.41592420356248583,0.44029796484295675,0.32577283914177435,0.48068031551207496,16.71846646964733,15.958279178219804,13.78323127081539,20.192959016890185,61.104111348231335,59.30722917624621,45.71406326429509,83.79717317317223,13.9,14.0,13.9,14.0,1.1333333333333333,1.0,0.0,2.0,0.05952380952380952,0.07142857142857142,0.0,0.14285714285714285,6.95,7.0,6.95,7.0
3,max_houses_per_agent=5,30,0,5,85.54666666666667,83.95,77.18,94.71,0.23789659845338634,0.2357026098366489,0.1800032900729527,0.28674014101342676,5.991527891249498,5.88039826732819,5.381437053792324,6.689393097721489,8.512266666666667,8.370000000000001,7.49,9.381,9.9,10.0,8.0,11.0,1.4333333333333333,1.0,1.0,2.0,0.05476190476190476,0.03571428571428571,0.0,0.14285714285714285,4.95,5.0,4.0,5.5
3,max_houses_per_agent=5,30,1,5,88.41666666666667,87.65,69.33999999999999,109.58,0.4234661055008922,0.41762645459329856,0.3477970513036423,0.5227359568481639,6.103743137725744,6.073334898424061,4.720324769180849,7.645359161014348,8.883009066666666,8.698112,6.380530400000001,11.374580000000002,10.766666666666667,11.0,9.0,12.1,1.4333333333333333,2.0,0.9,2.0,0.05714285714285714,0.07142857142857142,0.0,0.14285714285714285,5.383333333333334,5.5,4.5,6.05
3,max_houses_per_agent=5,30,2,5,110.49333333333334,105.30000000000001,82.15,147.68,0.4974860002432087,0.49836028575159014,0.42693674103793106,0.5706302998734192,7.643637952259348,7.255953446732319,5.615119705640532,10.33211283099574,11.796479694923077,11.1642117325,7.762228000000001,16.7428364675,11.533333333333333,12.0,10.0,13.0,1.5333333333333334,2.0,1.0,2.0,0.08571428571428572,0.07142857142857142,0.0,0.14285714285714285,5.766666666666667,6.0,5.0,6.5
3,max_houses_per_agent=5,30,3,5,124.90866666666666,114.7,86.52,176.21,0.5147340587924273,0.5163739337016516,0.45054863400777134,0.5819100007084503,8.664680589651406,7.925079376661915,5.971122346190734,12.346690080341812,14.757913832073324,12.5874149625,8.393075922125002,23.420404000000005,11.4,11.0,9.9,13.1,0.6,1.0,0.0,1.0,0.15238095238095237,0.14285714285714285,0.07142857142857142,0.2857142857142857,5.7,5.5,4.95,6.55
3,max_houses_per_agent=5,30,4,5,138.36333333333334,138.05,91.89,202.44,0.5185611786320131,0.5162207872791026,0.4333468094641364,0.5929335472324729,9.623814648779232,9.583619893498899,6.279923379644755,14.224872355294757,17.68497526241338,15.1466830295,8.17037807988189,28.809007797325002,12.1,12.0,10.9,14.0,0.3,0.0,0.0,1.0,0.17619047619047618,0.17857142857142855,0.07142857142857142,0.2857142857142857,6.05,6.0,5.45,7.0
3,max_houses_per_agent=5,30,5,5,167.10999999999999,153.45,121.49,237.55,0.523607216704461,0.5294248717876548,0.44277487625218137,0.5990671715687674,11.67462496307634,10.72933791027932,8.422193078908528,16.754829355380334,23.058886872924564,20.25370682064994,14.04173800781398,37.819803566271254,12.433333333333334,13.0,10.9,14.0,0.9666666666666667,1.0,0.0,2.0,0.11904761904761904,0.14285714285714285,0.0,0.21428571428571427,6.216666666666667,6.5,5.45,7.0
3,max_houses_per_agent=5,30,6,5,181.32,172.45,123.23,263.08,0.5185468209848804,0.513549709669605,0.4484728043939311,0.5855992687558979,12.692155160936132,12.030028119631183,8.512957708548253,18.569973479128407,27.062194465209238,24.476675827175036,15.76914958844375,44.14501733974067,12.6,13.0,10.9,14.0,0.6666666666666666,1.0,0.0,1.1,0.1238095238095238,0.14285714285714285,0.0,0.21428571428571427,6.3,6.5,5.45,7.0
3,max_houses_per_agent=5,30,7,5,188.99666666666667,186.55,123.64,268.08,0.514528411572695,0.5045098595083954,0.43916144718879097,0.6047092609393537,13.242497698975557,13.05563673820109,8.596213106970495,18.900432934436846,29.60779172905298,28.96368630519253,16.906307766637816,45.17134821543827,12.6,13.0,11.0,14.0,0.3333333333333333,0.0,0.0,1.0,0.1261904761904762,0.14285714285714285,0.0,0.21428571428571427,6.3,6.5,5.5,7.0
3,max_houses_per_agent=5,30,8,5,212.53,212.5,153.07,285.23,0.516127868145503,0.5157742245854273,0.46719572652340735,0.5808631649381063,14.922650351641535,14.930856517755942,10.686865355812285,20.138721556013866,35.12134406976193,32.001940746735585,22.90877522512276,51.79613044266175,12.933333333333334,13.0,11.9,14.0,0.8666666666666667,1.0,0.0,2.0,0.09999999999999999,0.07142857142857142,0.0,0.15,6.466666666666667,6.5,5.95,7.0
3,max_houses_per_agent=5,30,9,5,225.39999999999998,221.6,162.59,315.7,0.5165994539661277,0.5140341915321898,0.4403397499607678,0.5763337848174412,15.841700273016935,15.56201688172342,11.332251359450296,22.332325505522327,40.27461761892332,36.07617925287599,25.026205427003344,59.232486170834854,13.3,13.5,12.0,14.0,0.7,0.5,0.0,2.0,0.10714285714285714,0.10714285714285714,0.0,0.21428571428571427,6.65,6.75,6.0,7.0
3,max_houses_per_agent=5,30,10,5,232.17,224.0,166.19,318.91,0.5136403060610715,0.5124874498486469,0.427199025926538,0.5868441522995118,16.326751275540893,15.718337019900337,11.589136703599872,22.564005657822854,43.4313138802306,40.36076390062794,29.264080630204248,62.74950645190372,13.166666666666666,13.0,12.0,14.0,0.3,0.0,0.0,1.0,0.1261904761904762,0.14285714285714285,0.0,0.21428571428571427,6.583333333333333,6.5,6.0,7.0
3,max_houses_per_agent=5,30,11,5,247.76333333333332,249.64999999999998,182.57,326.32,0.5209257461294685,0.5205225145570926,0.4463745410181172,0.6042185650204875,17.436918079316218,17.56681193616911,12.795449872832442,23.093221226222298,48.072883140468385,48.799891251861055,31.582195578350344,67.96447459792405,13.466666666666667,14.0,12.0,14.0,0.9333333333333333,1.0,0.0,2.0,0.14047619047619048,0.14285714285714285,0.06428571428571428,0.21428571428571427,6.733333333333333,7.0,6.0,7.0
3,max_houses_per_agent=5,30,12,5,260.9166666666667,258.65,196.62,337.36,0.5225100104626464,0.5179266570742215,0.44104596766786186,0.6087855754802518,18.37564975667344,18.19499893545414,13.743002209270378,23.858123280894542,54.07769427914405,54.584659103629406,37.829899817617395,81.6306601846991,13.333333333333334,13.5,12.0,14.0,0.6,0.0,0.0,2.0,0.15,0.14285714285714285,0.06428571428571428,0.22142857142857142,6.666666666666667,6.75,6.0,7.0
3,max_houses_per_agent=5,30,13,5,258.50666666666666,258.09999999999997,196.47999999999996,336.83,0.5231745301464671,0.5267585819366513,0.44765573448603163,0.5883889498060652,18.20317463968867,18.1657353506167,13.716486724565238,23.824321155251727,55.8901903789021,53.61404459052906,37.97869333801261,77.44847830610894,13.333333333333334,14.0,12.0,14.0,0.3333333333333333,0.0,0.0,1.0,0.15,0.14285714285714285,0.07142857142857142,0.2857142857142857,6.666666666666667,7.0,6.0,7.0
3,max_houses_per_agent=5,30,14,5,272.12,269.95000000000005,199.16,364.48,0.5189483719593119,0.5170289229666767,0.4414770228072155,0.6002169745608054,19.1776686711632,19.019487811221012,13.96834550331247,25.809210669369627,59.47479511863404,60.326587837790186,38.95486878089396,84.40542467858656,13.366666666666667,14.0,12.0,14.0,1.0,1.0,0.0,2.0,0.17142857142857143,0.14285714285714285,0.07142857142857142,0.2857142857142857,6.683333333333334,7.0,6.0,7.0
3,max_houses_per_agent=5,30,15,5,276.41,278.1,208.14,361.05,0.5175875185385085,0.5304704275260246,0.43627936525533434,0.5823248806871064,19.484777669302172,19.59499562412307,14.592858727850533,25.570426612194918,64.05308492685468,68.08151265344898,43.900349120729096,88.77008153851938,13.566666666666666,14.0,13.0,14.0,0.6,0.0,0.0,2.0,0.21666666666666665,0.21428571428571427,0.07142857142857142,0.35714285714285715,6.783333333333333,7.0,6.5,7.0
3,max_houses_per_agent=5,30,16,5,284.0466666666667,282.20000000000005,206.97,361.09,0.5144983715067977,0.5176451392863424,0.44050426712675855,0.5924089322537059,20.03179843329422,19.88675682168143,14.502017205687846,25.569551620225408,68.43449640161762,63.308198074886,45.1797990179343,94.04844153931506,13.533333333333333,14.0,13.0,14.0,0.3,0.0,0.0,1.0,0.2357142857142857,0.21428571428571427,0.07142857142857142,0.42857142857142855,6.766666666666667,7.0,6.5,7.0
3,max_houses_per_agent=5,30,17,5,288.8333333333333,296.1,219.23,383.94,0.5072329103718587,0.519375022993239,0.4224268627059458,0.5823693679904683,20.377335925766452,20.881748566839327,15.40291395794046,27.214063541499254,68.89587595305976,68.03057530670765,46.33498655550611,95.93475047836658,13.566666666666666,14.0,12.9,14.0,1.0333333333333334,1.0,0.0,2.0,0.23095238095238094,0.21428571428571427,0.07142857142857142,0.3642857142857143,6.783333333333333,7.0,6.45,7.0
3,max_houses_per_agent=5,30,18,5,296.05333333333334,294.20000000000005,232.93,382.94,0.5068579676916332,0.5233361710391222,0.40785253191752857,0.5901519293835099,20.89323768282085,20.746321544379846,16.36066901919466,27.138405482105956,74.55891763045969,73.01784362462735,51.69894596295025,97.36399642097949,13.666666666666666,14.0,13.0,14.0,0.6,0.0,0.0,2.0,0.2785714285714286,0.2857142857142857,0.07142857142857142,0.42857142857142855,6.833333333333333,7.0,6.5,7.0
3,max_houses_per_agent=5,30,19,5,299.0366666666667,297.85,236.63,383.89,0.5003888311558491,0.5156508243180857,0.41575490497189477,0.5730469304725099,21.10956748918398,21.011345146417604,16.62836990854064,27.214600503538694,78.34780349408463,76.93006223841004,57.06072923259966,103.2568435823103,13.766666666666667,14.0,13.0,14.0,0.26666666666666666,0.0,0.0,1.0,0.2833333333333333,0.2857142857142857,0.1357142857142857,0.42857142857142855,6.883333333333334,7.0,6.5,7.0
3,max_houses_per_agent=5,30,20,5,310.6,306.65,247.87,394.62,0.49805477112707824,0.5165315284455675,0.41628849632833664,0.5703814487116504,21.936686900150747,21.647504142127616,17.43602564492521,27.975355959061293,81.41084707063038,79.28802981081665,53.9201835268706,103.76518053881148,13.833333333333334,14.0,13.0,14.0,1.0666666666666667,1.0,0.0,2.0,0.2571428571428571,0.2857142857142857,0.14285714285714285,0.3642857142857143,6.916666666666667,7.0,6.5,7.0
3,max_houses_per_agent=5,30,21,5,314.16333333333336,308.25,236.26,413.61,0.48869844240389054,0.497630934249137,0.3866436609152287,0.5680336155466924,22.19588887403615,21.748655373736014,16.595515648402515,29.347481002852454,85.58941521509358,84.06527609154811,59.93721198378287,115.94769663207282,13.766666666666667,14.0,13.0,14.0,0.6333333333333333,0.0,0.0,2.0,0.3,0.3214285714285714,0.14285714285714285,0.5,6.883333333333334,7.0,6.5,7.0
3,max_houses_per_agent=5,30,22,5,313.8833333333333,316.65,242.61,404.78,0.4896049675025275,0.505085876922066,0.39728714725816217,0.5657404711183314,22.17543561148683,22.363167195569837,17.0480609826532,28.714213569228068,88.82880659409773,87.8251885162203,65.56482311273447,117.11180245387759,13.733333333333333,14.0,13.0,14.0,0.2,0.0,0.0,1.0,0.30238095238095236,0.35714285714285715,0.1357142857142857,0.4357142857142857,6.866666666666666,7.0,6.5,7.0
3,max_houses_per_agent=5,30,23,5,321.47333333333336,308.85,252.31,405.36,0.48655102023133673,0.5052419537639034,0.3818878321283141,0.5702410270813624,22.719105442265285,21.80031677456735,17.741377894901838,28.763748546021553,89.41530281427295,84.5750819731214,64.65489943912418,119.26614545742464,13.966666666666667,14.0,14.0,14.0,1.1333333333333333,1.0,0.0,2.0,0.2785714285714286,0.2857142857142857,0.1357142857142857,0.42857142857142855,6.983333333333333,7.0,7.0,7.0
3,max_houses_per_agent=5,30,24,5,324.98333333333335,311.1,246.68,431.27,0.48056907230663015,0.49337823366425065,0.3760574909469667,0.5566680133338434,22.972810701941924,21.96134582219846,17.353976766714265,30.616971254526515,94.02946613076442,92.93906508772398,66.5328096841554,126.67537099500105,13.8,14.0,13.0,14.0,0.6333333333333333,0.0,0.0,2.0,0.3142857142857143,0.35714285714285715,0.14285714285714285,0.4357142857142857,6.9,7.0,6.5,7.0
3,max_houses_per_agent=5,30,25,5,327.26666666666665,323.45,260.19,424.65,0.4786019181584141,0.4991531496168537,0.37348308442056166,0.5625230149246451,23.136889517111268,22.840817312615982,18.31996003626328,30.146479541202876,99.69854657140931,97.39687340724205,66.27494366415117,135.24970351241575,13.833333333333334,14.0,13.0,14.0,0.2,0.0,0.0,1.0,0.3214285714285714,0.35714285714285715,0.14285714285714285,0.5,6.916666666666667,7.0,6.5,7.0
3,max_houses_per_agent=5,30,26,5,331.79333333333335,324.1,261.3,417.84,0.4787086694424164,0.49304400920896047,0.38928509879756557,0.5506038180333389,23.4601694748026,22.89602484701502,18.412139086207322,29.64361550607327,98.72651030801023,92.41656215154802,71.64612972963721,138.25868017993682,13.9,14.0,14.0,14.0,1.0666666666666667,1.0,0.0,2.0,0.30238095238095236,0.2857142857142857,0.1357142857142857,0.5,6.95,7.0,7.0,7.0
3,max_houses_per_agent=5,30,27,5,333.57,327.04999999999995,268.14,437.81,0.47612679125553836,0.49921375729878587,0.36143734383145476,0.5590283723097322,23.588365175800803,23.109708195454466,18.90137956248615,31.081736138158686,103.11153529124708,104.20884467179675,70.89647990758945,138.47731788953573,13.833333333333334,14.0,13.0,14.0,0.6333333333333333,0.0,0.0,2.0,0.32857142857142857,0.35714285714285715,0.1357142857142857,0.5,6.916666666666667,7.0,6.5,7.0
3,max_houses_per_agent=5,30,28,5,337.56666666666666,331.35,260.05,439.09,0.4741429527333869,0.49871914441788434,0.3699160995861797,0.5718618594519693,23.874833285538067,23.436410860807264,18.32256975885014,31.178613378778337,109.83608367675782,109.11638906526906,72.58238098170303,154.48809906420843,13.933333333333334,14.0,14.0,14.0,0.26666666666666666,0.0,0.0,1.0,0.3333333333333333,0.35714285714285715,0.14285714285714285,0.5,6.966666666666667,7.0,7.0,7.0
3,max_houses_per_agent=5,30,29,5,340.41,341.0,258.77,444.61,0.47320209815331227,0.49320924548132644,0.36698855423805443,0.5509097130725102,24.078398950923344,24.127467259630468,18.209801522541103,31.574362865738117,109.04157726672685,107.65882933481397,72.16271007016913,153.48004421562075,13.9,14.0,14.0,14.0,1.0333333333333334,1.0,0.0,2.0,0.319047619047619,0.35714285714285715,0.14285714285714285,0.5,6.95,7.0,7.0,7.0
4,max_houses_per_agent=10,30,0,10,85.54666666666667,83.95,77.18,94.71,0.23789659845338634,0.2357026098366489,0.1800032900729527,0.28674014101342676,5.991527891249498,5.88039826732819,5.381437053792324,6.689393097721489,8.512266666666667,8.370000000000001,7.49,9.381,9.9,10.0,8.0,11.0,1.4333333333333333,1.0,1.0,2.0,0.05476190476190476,0.03571428571428571,0.0,0.14285714285714285,4.95,5.0,4.0,5.5
4,max_houses_per_agent=10,30,1,10,88.41666666666667,87.65,69.33999999999999,109.58,0.4234661055008922,0.41762645459329856,0.3477970513036423,0.5227359568481639,6.103743137725744,6.073334898424061,4.720324769180849,7.645359161014348,8.883009066666666,8.698112,6.380530400000001,11.374580000000002,10.766666666666667,11.0,9.0,12.1,1.4333333333333333,2.0,0.9,2.0,0.05714285714285714,0.07142857142857142,0.0,0.14285714285714285,5.383333333333334,5.5,4.5,6.05
4,max_houses_per_agent=10,30,2,10,110.49333333333334,105.30000000000001,82.15,147.68,0.4974860002432087,0.49836028575159014,0.42693674103793106,0.5706302998734192,7.643637952259348,7.255953446732319,5.615119705640532,10.33211283099574,11.796479694923077,11.1642117325,7.762228000000001,16.7428364675,11.533333333333333,12.0,10.0,13.0,1.5333333333333334,2.0,1.0,2.0,0.08571428571428572,0.07142857142857142,0.0,0.14285714285714285,5.766666666666667,6.0,5.0,6.5
4,max_houses_per_agent=10,30,3,10,124.90866666666666,114.7,86.52,176.21,0.5147340587924273,0.5163739337016516,0.45054863400777134,0.5819100007084503,8.664680589651406,7.925079376661915,5.971122346190734,12.346690080341812,14.757913832073324,12.5874149625,8.393075922125002,23.420404000000005,11.4,11.0,9.9,13.1,0.6,1.0,0.0,1.0,0.15238095238095237,0.14285714285714285,0.07142857142857142,0.2857142857142857,5.7,5.5,4.95,6.55
4,max_houses_per_agent=10,30,4,10,138.36333333333334,138.05,91.89,202.44,0.5185611786320131,0.5162207872791026,0.4333468094641364,0.5929335472324729,9.623814648779232,9.583619893498899,6.279923379644755,14.224872355294757,17.68497526241338,15.1466830295,8.17037807988189,28.809007797325002,12.1,12.0,10.9,14.0,0.3,0.0,0.0,1.0,0.17619047619047618,0.17857142857142855,0.07142857142857142,0.2857142857142857,6.05,6.0,5.45,7.0
4,max_houses_per_agent=10,30,5,10,167.14333333333335,153.45,121.49,237.65,0.5236640068297026,0.5294248717876548,0.44277487625218137,0.5990671715687674,11.676977520394672,10.72933791027932,8.422193078908528,16.76188702733533,23.072486156257895,20.25370682064994,14.04173800781398,37.819803566271254,12.433333333333334,13.0,10.9,14.0,0.9666666666666667,1.0,0.0,2.0,0.11904761904761904,0.14285714285714285,0.0,0.21428571428571427,6.216666666666667,6.5,5.45,7.0
4,max_houses_per_agent=10,30,6,10,182.34666666666666,172.45,123.23,264.06,0.5199053260949095,0.513549709669605,0.4484728043939311,0.5918105003810209,12.764809241714449,12.030028119631183,8.512957708548253,18.63918623163106,27.512523523300086,24.476675827175036,15.76914958844375,47.96032602297665,12.6,13.0,10.9,14.0,0.6666666666666666,1.0,0.0,1.1,0.12142857142857143,0.10714285714285714,0.0,0.21428571428571427,6.3,6.5,5.45,7.0
4,max_houses_per_agent=10,30,7,10,191.09333333333333,186.55,123.64,279.96,0.5171485911504676,0.5096390114898477,0.4435507137786798,0.6057269938001226,13.390949513948575,13.05563673820109,8.596213106970495,19.740731355350018,30.53710548634917,28.96368630519253,16.906307766637816,50.5858340268762,12.6,13.0,11.0,14.0,0.3333333333333333,0.0,0.0,1.0,0.11666666666666665,0.14285714285714285,0.0,0.21428571428571427,6.3,6.5,5.5,7.0
4,max_houses_per_agent=10,30,8,10,214.92333333333332,212.5,153.07,285.37,0.5189475907598745,0.5157742245854273,0.46724815393138114,0.5808631649381063,15.092192871286729,14.930856517755942,10.686865355812285,20.14891269552387,36.191400259430495,32.001940746735585,22.90877522512276,57.99583158407508,12.933333333333334,13.0,11.9,14.0,0.8666666666666667,1.0,0.0,2.0,0.09047619047619047,0.07142857142857142,0.0,0.14285714285714285,6.466666666666667,6.5,5.95,7.0
4,max_houses_per_agent=10,30,9,10,229.10999999999999,221.6,162.59,316.61999999999995,0.5211511395847326,0.5140341915321898,0.4559839741540628,0.5817155595666099,16.104424430207633,15.56201688172342,11.332251359450296,22.397331999737666,41.93762393211077,36.32228240064441,25.026205427003344,66.59866981149193,13.333333333333334,13.5,12.0,14.0,0.7,0.5,0.0,2.0,0.09761904761904762,0.07142857142857142,0.0,0.21428571428571427,6.666666666666667,6.75,6.0,7.0
4,max_houses_per_agent=10,30,10,10,238.17999999999998,224.0,166.19,339.58,0.521851601886845,0.5189472864995992,0.46307375397825057,0.6094301088746181,16.75193134191372,15.718337019900337,11.589136703599872,24.02079421620239,46.15431782143046,40.36076390062794,29.264080630204248,68.81603142134824,13.166666666666666,13.0,12.0,14.0,0.3,0.0,0.0,1.0,0.09999999999999999,0.07142857142857142,0.0,0.21428571428571427,6.583333333333333,6.5,6.0,7.0
4,max_houses_per_agent=10,30,11,10,255.49666666666667,252.14999999999998,182.57,343.11,0.5306037450844905,0.5213380328776667,0.46148972421935375,0.6042185650204875,17.98446003221966,17.74356790435162,12.795449872832442,24.26103382290723,51.59976093409985,49.527986631301474,32.167701519997365,79.3422764557359,13.466666666666667,14.0,12.0,14.0,0.9333333333333333,1.0,0.0,2.0,0.10714285714285714,0.07142857142857142,0.0,0.21428571428571427,6.733333333333333,7.0,6.0,7.0
4,max_houses_per_agent=10,30,12,10,271.24333333333334,267.6,196.62,368.59,0.5347365888252361,0.5265832040208819,0.46650198818421706,0.6087855754802518,19.10715551511119,18.8397215010955,13.743002209270378,26.097040584476986,58.53559479541134,57.29202057145058,37.829899817617395,94.83067001881751,13.333333333333334,13.5,12.0,14.0,0.6,0.0,0.0,2.0,0.10952380952380952,0.14285714285714285,0.0,0.21428571428571427,6.666666666666667,6.75,6.0,7.0
4,max_houses_per_agent=10,30,13,10,270.99,262.15,196.47999999999996,373.13999999999993,0.5377552171321692,0.5372881092562595,0.47542942833955854,0.6021674292965838,19.087550962862487,18.454945015608708,13.716486724565238,26.404553057899648,61.34228305941246,56.77841755145222,40.48453730351315,90.55587662188816,13.366666666666667,14.0,12.0,14.0,0.3333333333333333,0.0,0.0,1.0,0.09999999999999999,0.07142857142857142,0.0,0.15,6.683333333333334,7.0,6.0,7.0
4,max_houses_per_agent=10,30,14,10,292.59,282.85,204.06,394.3,0.5418799167844992,0.5414553554950827,0.4638877014411326,0.6021336928490555,20.628345755893466,19.933623515014105,14.273271607586608,27.91753400522097,69.00202401971126,66.9866736035082,41.42158681598621,104.54409150127296,13.366666666666667,14.0,12.0,14.0,1.0,1.0,0.0,2.0,0.09047619047619047,0.07142857142857142,0.0,0.15,6.683333333333334,7.0,6.0,7.0
4,max_houses_per_agent=10,30,15,10,304.3433333333333,301.25,222.57,407.26,0.5468236202217358,0.5585459772947712,0.47540855440922214,0.603831530329991,21.465397713698657,21.23768787663949,15.618062464705467,28.850437088083947,77.15330201009307,77.86424183116452,49.90658656059666,114.79927989428143,13.566666666666666,14.0,13.0,14.0,0.6,0.0,0.0,2.0,0.10238095238095238,0.07142857142857142,0.0,0.21428571428571427,6.783333333333333,7.0,6.5,7.0
4,max_houses_per_agent=10,30,16,10,316.1533333333333,327.1,217.77,415.18,0.548037640508612,0.5496365583866488,0.47687474860935053,0.6158657596371884,22.308362132126646,23.078479885935955,15.264455431379968,29.406475606746703,83.37554146165374,80.55304423033702,51.81082986222708,121.48306499694037,13.466666666666667,14.0,12.0,14.0,0.23333333333333334,0.0,0.0,1.0,0.09523809523809523,0.07142857142857142,0.0,0.21428571428571427,6.733333333333333,7.0,6.0,7.0
4,max_houses_per_agent=10,30,17,10,331.65666666666664,344.85,238.29,441.98,0.5464940578214728,0.5489275424842435,0.47271363965714003,0.6134811272066251,23.41651487585117,24.35196701403259,16.725691091086436,31.335235732139108,88.21430896244152,88.95657317875931,56.18374715908604,127.97403411093727,13.566666666666666,14.0,12.9,14.0,1.0666666666666667,1.0,0.0,2.0,0.07619047619047618,0.07142857142857142,0.0,0.14285714285714285,6.783333333333333,7.0,6.45,7.0
4,max_houses_per_agent=10,30,18,10,346.2733333333333,351.9,245.19,473.18,0.5512894692371106,0.5590027060663889,0.46561593281762925,0.6219451301053597,24.458164789190967,24.841479583232605,17.235467032341038,33.56409566083974,98.18143137775596,95.98918872116725,64.12245322812159,138.92050452453938,13.533333333333333,14.0,12.9,14.0,0.5666666666666667,0.0,0.0,2.0,0.10714285714285714,0.07142857142857142,0.0,0.21428571428571427,6.766666666666667,7.0,6.45,7.0
4,max_houses_per_agent=10,30,19,10,354.3233333333333,364.4,242.06,503.34,0.5503468626648029,0.5491237131135782,0.482356981696656,0.6164098008944047,25.03363609247712,25.74810610065672,17.012097206943,35.713375471399075,105.17908466427149,107.2734737335728,66.99779845416127,159.0753295652275,13.666666666666666,14.0,13.0,14.0,0.23333333333333334,0.0,0.0,1.0,0.1119047619047619,0.14285714285714285,0.0,0.21428571428571427,6.833333333333333,7.0,6.5,7.0
4,max_houses_per_agent=10,30,20,10,376.9533333333333,371.7,266.11999999999995,533.2,0.5521513858806941,0.5678789769182782,0.4764408886955681,0.6052504863384072,26.649162402297748,26.279710249491686,18.739101632103516,37.83817932538493,113.23994116730923,111.62749257341446,78.5403055436579,154.5170072667605,13.633333333333333,14.0,12.9,14.0,1.1,1.0,0.0,2.0,0.07857142857142857,0.07142857142857142,0.0,0.14285714285714285,6.816666666666666,7.0,6.45,7.0
4,max_houses_per_agent=10,30,21,10,391.35333333333335,394.95,248.76,547.1700000000001,0.550690264210308,0.5643648591797563,0.46706610545021926,0.6104649711732847,27.67846439170437,27.948352475309008,17.47973093639972,38.858497954732144,124.35786130729024,125.54050817313902,75.10366686530038,171.71740177730638,13.633333333333333,14.0,13.0,14.0,0.5666666666666667,0.0,0.0,2.0,0.10952380952380952,0.07142857142857142,0.0,0.21428571428571427,6.816666666666666,7.0,6.5,7.0
4,max_houses_per_agent=10,30,22,10,396.47,398.15,254.50000000000003,548.2,0.5546278722023318,0.56994027314196,0.47012814094240296,0.6218833661020586,28.04197177818455,28.15236543638102,17.8866624714554,38.8957094348307,130.3299964534861,134.74901704814522,80.46101580872661,185.3053405659712,13.533333333333333,14.0,12.0,14.0,0.13333333333333333,0.0,0.0,1.0,0.10476190476190475,0.07142857142857142,0.0,0.21428571428571427,6.766666666666667,7.0,6.0,7.0
4,max_houses_per_agent=10,30,23,10,415.27,420.95,272.84000000000003,586.69,0.5565338236740766,0.5693390288825972,0.4715464918495883,0.625468880211991,29.38387594530582,29.779309481349884,19.221151987110638,41.65202046267347,135.29356398270616,141.25933100655817,85.38876020161933,196.79984666397687,13.8,14.0,13.0,14.0,1.1666666666666667,1.0,0.0,2.0,0.07619047619047618,0.07142857142857142,0.0,0.14285714285714285,6.9,7.0,6.5,7.0
4,max_houses_per_agent=10,30,24,10,425.76,424.0,264.0,592.4799999999999,0.5549206219711385,0.5678105163676592,0.4770332395178378,0.6253064742434076,30.133968260443,29.980190610507183,18.5726703046616,42.06778366279859,145.97998715012633,151.08358260854413,85.36014165741311,208.42431556850104,13.633333333333333,14.0,12.9,14.0,0.5666666666666667,0.0,0.0,2.0,0.09999999999999999,0.07142857142857142,0.0,0.21428571428571427,6.816666666666666,7.0,6.45,7.0
4,max_houses_per_agent=10,30,25,10,434.54,440.25,293.73,588.21,0.5572831575121227,0.5695143288663294,0.48716597812612605,0.6261809828281324,30.759929849815368,31.155734426277647,20.717299863125554,41.756622807278085,156.25184480693548,155.2610656104838,101.5389668628723,215.39831482262994,13.7,14.0,13.0,14.0,0.16666666666666666,0.0,0.0,1.0,0.1119047619047619,0.14285714285714285,0.0,0.21428571428571427,6.85,7.0,6.5,7.0
4,max_houses_per_agent=10,30,26,10,460.1633101810086,474.4,277.85,601.4,0.5618174903813388,0.5779823597681579,0.47570653478912656,0.6489420885368975,32.587899124881375,33.60478152558221,19.580908396726315,42.70224243553992,165.3362869586531,168.54963423107395,92.45761593157081,218.85738014566508,13.733333333333333,14.0,13.0,14.0,1.1,1.0,0.0,2.0,0.07857142857142857,0.07142857142857142,0.0,0.14285714285714285,6.866666666666666,7.0,6.5,7.0
4,max_houses_per_agent=10,30,27,10,459.8833333333333,463.45,307.16,610.9,0.5596214067817419,0.5712943133706244,0.47598473085667903,0.6328509905396242,32.568998820418656,32.80008200698916,21.669925056963002,43.38277925779532,171.16618823812271,177.43265153071096,100.6649834442123,232.00364733328763,13.8,14.0,13.0,14.0,0.6333333333333333,0.5,0.0,2.0,0.08809523809523809,0.07142857142857142,0.0,0.21428571428571427,6.9,7.0,6.5,7.0
4,max_houses_per_agent=10,30,28,10,467.3433333333333,472.6,301.89000000000004,612.95,0.5551748899120463,0.5630424552122084,0.47356034223558774,0.6265096775109512,33.10407922171064,33.44799205692972,21.27099621186523,43.529463403405046,181.74497579109212,184.42189722286247,110.12220591790837,247.96337186414556,13.766666666666667,14.0,13.0,14.0,0.23333333333333334,0.0,0.0,1.0,0.08571428571428572,0.07142857142857142,0.0,0.14285714285714285,6.883333333333334,7.0,6.5,7.0
4,max_houses_per_agent=10,30,29,10,480.9533333333333,483.0,317.84,647.46,0.5575223428752281,0.5676216579802553,0.4654619337328272,0.6374583378106081,34.07504835237191,34.206584652309424,22.41686173285855,46.03350354217601,184.70093277654152,184.24389274386584,115.70397334505662,248.23992196982016,13.8,14.0,13.0,14.0,1.0666666666666667,1.0,0.0,2.0,0.07380952380952381,0.07142857142857142,0.0,0.21428571428571427,6.9,7.0,6.5,7.0
